{"app":"com.nianticlabs.ar.ardksamples","autofocus":1,"captureGroup":{"sequence":0,"uuid":"01907c83-74be-7004-809e-78190000ffff"},"coordinates":"opengl","depthSource":"none","duration":30.13,"formatVersion":"1","frameCount":900,"framerate":29.83737139064056,"frames":[{"exposure":0.0,"image":"frame_00000000.jpg","intrinsics":[638.9658203125,641.1166381835938,358.60687255859375,267.2923583984375,0.0],"location":{"altitude":49.60000228881836,"altitudeAccuracy":14.927000045776367,"heading":165.06362915039063,"headingAccuracy":14.927000045776367,"headingTimestamp":85152.612,"latitude":37.55685806274414,"longitude":126.93516540527344,"positionAccuracy":14.927000045776367,"positionSource":"corelocation","positionTimestamp":1720075912.383},"pose":[-0.07299748808145523,-0.03735186159610748,-0.1394369751214981,-0.05655363202095032,-0.14625005424022675,-0.7088544964790344,0.6877049207687378],"pose4x4":[-0.04772758483886719,-0.9584234952926636,0.2813303470611572,0.0,0.9915074110031128,-0.011346101760864258,0.1295555979013443,0.0,-0.12097717821598053,0.28512442111968994,0.9508252143859863,0.0,-0.07299748808145523,-0.03735186159610748,-0.1394369751214981,1.0],"resolution":[720,540],"sequence":0,"timestamp":1720075908.0,"tracking":2,"trackingReason":0},{"exposure":0.0,"image":"frame_00000001.jpg","intrinsics":[638.9658203125,641.1166381835938,358.60687255859375,267.2923583984375,0.0],"location":{"altitude":49.60000228881836,"altitudeAccuracy":14.927000045776367,"heading":165.06362915039063,"headingAccuracy":14.927000045776367,"headingTimestamp":85152.612,"latitude":37.55685806274414,"longitude":126.93516540527344,"positionAccuracy":14.927000045776367,"positionSource":"corelocation","positionTimestamp":1720075912.383},"pose":[-0.07382597774267197,-0.03772994503378868,-0.1395457684993744,-0.056343600153923035,-0.14640706777572632,-0.7089540362358093,0.6875861883163452],"pose4x4":[-0.04810166358947754,-0.9584357738494873,0.2812249958515167,0.0,0.9914321899414063,-0.011580824851989746,0.13010959327220917,0.0,-0.12144491076469421,0.2850739359855652,0.9507807493209839,0.0,-0.07382597774267197,-0.03772994503378868,-0.1395457684993744,1.0],"resolution":[720,540],"sequence":1,"timestamp":1720075908.067,"tracking":2,"trackingReason":0},{"exposure":0.0,"image":"frame_00000002.jpg","intrinsics":[638.9658203125,641.1166381835938,358.60687255859375,267.2923583984375,0.0],"location":{"altitude":49.60000228881836,"altitudeAccuracy":14.927000045776367,"heading":165.06362915039063,"headingAccuracy":14.927000045776367,"headingTimestamp":85152.612,"latitude":37.55685806274414,"longitude":126.93516540527344,"positionAccuracy":14.927000045776367,"positionSource":"corelocation","positionTimestamp":1720075912.383},"pose":[-0.07381971925497055,-0.03783777728676796,-0.139659583568573,-0.05612059310078621,-0.1469632089138031,-0.7089734673500061,0.6874658465385437],"pose4x4":[-0.04848313331604004,-0.9582947492599487,0.2816404104232788,0.0,0.9912854433059692,-0.011585831642150879,0.13122405111789703,0.0,-0.1224883571267128,0.28554803133010864,0.9505046010017395,0.0,-0.07381971925497055,-0.03783777728676796,-0.139659583568573,1.0],"resolution":[720,540],"sequence":2,"timestamp":1720075908.1,"tracking":2,"trackingReason":0},{"exposure":0.0,"image":"frame_00000003.jpg","intrinsics":[638.9658203125,641.1166381835938,358.60687255859375,267.2923583984375,0.0],"location":{"altitude":49.60000228881836,"altitudeAccuracy":14.927000045776367,"heading":165.06362915039063,"headingAccuracy":14.927000045776367,"headingTimestamp":85152.612,"latitude":37.55685806274414,"longitude":126.93516540527344,"positionAccuracy":14.927000045776367,"positionSource":"corelocation","positionTimestamp":1720075912.383},"pose":[-0.07378500699996948,-0.03792884573340416,-0.13972081243991852,-0.055555012077093124,-0.14752905070781708,-0.7090463638305664,0.6873148679733276],"pose4x4":[-0.04902315139770508,-0.9582842588424683,0.28157997131347656,0.0,0.9910681247711182,-0.011666297912597656,0.1328423023223877,0.0,-0.12401565909385681,0.2855774462223053,0.9502976536750793,0.0,-0.07378500699996948,-0.03792884573340416,-0.13972081243991852,1.0],"resolution":[720,540],"sequence":3,"timestamp":1720075908.134,"tracking":2,"trackingReason":0},{"exposure":0.0,"image":"frame_00000004.jpg","intrinsics":[638.9658203125,641.1166381835938,358.60687255859375,267.2923583984375,0.0],"location":{"altitude":49.60000228881836,"altitudeAccuracy":14.927000045776367,"heading":165.06362915039063,"headingAccuracy":14.927000045776367,"headingTimestamp":85152.612,"latitude":37.55685806274414,"longitude":126.93516540527344,"positionAccuracy":14.927000045776367,"positionSource":"corelocation","positionTimestamp":1720075912.383},"pose":[-0.07370106875896454,-0.03799877315759659,-0.1398146152496338,-0.05516745150089264,-0.14810778200626373,-0.7090691924095154,0.6871984004974365],"pose4x4":[-0.049430131912231445,-0.958200991153717,0.2817939519882202,0.0,0.9908838868141174,-0.011645197868347168,0.1342153698205948,0.0,-0.12532377243041992,0.28585928678512573,0.9500412940979004,0.0,-0.07370106875896454,-0.03799877315759659,-0.1398146152496338,1.0],"resolution":[720,540],"sequence":4,"timestamp":1720075908.167,"tracking":2,"trackingReason":0},{"exposure":0.0,"image":"frame_00000005.jpg","intrinsics":[638.9658203125,641.1166381835938,358.60687255859375,267.2923583984375,0.0],"location":{"altitude":49.60000228881836,"altitudeAccuracy":14.927000045776367,"heading":165.06362915039063,"headingAccuracy":14.927000045776367,"headingTimestamp":85152.612,"latitude":37.55685806274414,"longitude":126.93516540527344,"positionAccuracy":14.927000045776367,"positionSource":"corelocation","positionTimestamp":1720075912.383},"pose":[-0.07442479580640793,-0.03786962106823921,-0.1398935467004776,-0.05483177676796913,-0.14836451411247253,-0.7091233134269714,0.6871142387390137],"pose4x4":[-0.0497359037399292,-0.958227276802063,0.28165173530578613,0.0,0.9907675981521606,-0.01172482967376709,0.13506607711315155,0.0,-0.12612175941467285,0.28576886653900146,0.9499629139900208,0.0,-0.07442479580640793,-0.03786962106823921,-0.1398935467004776,1.0],"resolution":[720,540],"sequence":5,"timestamp":1720075908.2,"tracking":2,"trackingReason":0},{"exposure":0.0,"image":"frame_00000006.jpg","intrinsics":[638.9658203125,641.1166381835938,358.60687255859375,267.2923583984375,0.0],"location":{"altitude":49.60000228881836,"altitudeAccuracy":14.927000045776367,"heading":165.06362915039063,"headingAccuracy":14.927000045776367,"headingTimestamp":85152.612,"latitude":37.55685806274414,"longitude":126.93516540527344,"positionAccuracy":14.927000045776367,"positionSource":"corelocation","positionTimestamp":1720075912.383},"pose":[-0.07427795976400375,-0.0377708375453949,-0.1398647576570511,-0.05427337810397148,-0.148368239402771,-0.7093336582183838,0.6869402527809143],"pose4x4":[-0.05033469200134277,-0.9584348201751709,0.2808361053466797,0.0,0.9906445741653442,-0.012199640274047852,0.13592004776000977,0.0,-0.1268443614244461,0.28505030274391174,0.950082540512085,0.0,-0.07427795976400375,-0.0377708375453949,-0.1398647576570511,1.0],"resolution":[720,540],"sequence":6,"timestamp":1720075908.234,"tracking":2,"trackingReason":0},{"exposure":0.0,"image":"frame_00000007.jpg","intrinsics":[638.9658203125,641.1166381835938,358.60687255859375,267.2923583984375,0.0],"location":{"altitude":49.60000228881836,"altitudeAccuracy":14.927000045776367,"heading":165.06362915039063,"headingAccuracy":14.927000045776367,"headingTimestamp":85152.612,"latitude":37.55685806274414,"longitude":126.93516540527344,"positionAccuracy":14.927000045776367,"positionSource":"corelocation","positionTimestamp":1720075912.383},"pose":[-0.07411577552556992,-0.037606626749038696,-0.1397525817155838,-0.05345645546913147,-0.14846879243850708,-0.7095072865486145,0.68680340051651],"pose4x4":[-0.050887107849121094,-0.958710789680481,0.27979323267936707,0.0,0.99045729637146,-0.012516260147094727,0.13725122809410095,0.0,-0.1280822455883026,0.2841075360774994,0.9501988291740417,0.0,-0.07411577552556992,-0.037606626749038696,-0.1397525817155838,1.0],"resolution":[720,540],"sequence":7,"timestamp":1720075908.267,"tracking":2,"trackingReason":0},{"exposure":0.0,"image":"frame_00000008.jpg","intrinsics":[638.9658203125,641.1166381835938,358.60687255859375,267.2923583984375,0.0],"location":{"altitude":49.60000228881836,"altitudeAccuracy":14.927000045776367,"heading":165.06362915039063,"headingAccuracy":14.927000045776367,"headingTimestamp":85152.612,"latitude":37.55685806274414,"longitude":126.93516540527344,"positionAccuracy":14.927000045776367,"positionSource":"corelocation","positionTimestamp":1720075912.383},"pose":[-0.07514336705207825,-0.037493810057640076,-0.1396772563457489,-0.052599336951971054,-0.14849258959293365,-0.7095451354980469,0.6868253946304321],"pose4x4":[-0.05100870132446289,-0.9590460062026978,0.278620183467865,0.0,0.990288496017456,-0.01244199275970459,0.13847126066684723,0.0,-0.1293337494134903,0.28297752141952515,0.9503664970397949,0.0,-0.07514336705207825,-0.037493810057640076,-0.1396772563457489,1.0],"resolution":[720,540],"sequence":8,"timestamp":1720075908.3,"tracking":2,"trackingReason":0},{"exposure":0.0,"image":"frame_00000009.jpg","intrinsics":[638.9658203125,641.1166381835938,358.60687255859375,267.2923583984375,0.0],"location":{"altitude":49.60000228881836,"altitudeAccuracy":14.927000045776367,"heading":165.06362915039063,"headingAccuracy":14.927000045776367,"headingTimestamp":85152.612,"latitude":37.55685806274414,"longitude":126.93516540527344,"positionAccuracy":14.927000045776367,"positionSource":"corelocation","positionTimestamp":1720075912.383},"pose":[-0.07503558695316315,-0.03735073283314705,-0.13959121704101563,-0.05209288373589516,-0.14843229949474335,-0.7095181941986084,0.6869048476219177],"pose4x4":[-0.050896406173706055,-0.959278404712677,0.27783942222595215,0.0,0.9902074933052063,-0.012259483337402344,0.13906511664390564,0.0,-0.12999603152275085,0.2821965515613556,0.9505083560943604,0.0,-0.07503558695316315,-0.03735073283314705,-0.13959121704101563,1.0],"resolution":[720,540],"sequence":9,"timestamp":1720075908.334,"tracking":2,"trackingReason":0},{"exposure":0.0,"image":"frame_00000010.jpg","intrinsics":[638.9658203125,641.1166381835938,358.60687255859375,267.2923583984375,0.0],"location":{"altitude":49.60000228881836,"altitudeAccuracy":14.927000045776367,"heading":165.06362915039063,"headingAccuracy":14.927000045776367,"headingTimestamp":85152.612,"latitude":37.55685806274414,"longitude":126.93516540527344,"positionAccuracy":14.927000045776367,"positionSource":"corelocation","positionTimestamp":1720075912.383},"pose":[-0.07492361217737198,-0.037296973168849945,-0.13952837884426117,-0.05162482336163521,-0.14854061603546143,-0.7094594836235046,0.6869775056838989],"pose4x4":[-0.050794124603271484,-0.9594286680221558,0.2773395776748657,0.0,0.9901021718978882,-0.011995673179626465,0.13983690738677979,0.0,-0.13083668053150177,0.28169727325439453,0.9505411386489868,0.0,-0.07492361217737198,-0.037296973168849945,-0.13952837884426117,1.0],"resolution":[720,540],"sequence":10,"timestamp":1720075908.367,"tracking":2,"trackingReason":0},{"exposure":0.0,"image":"frame_00000011.jpg","intrinsics":[638.9658203125,641.1166381835938,358.60687255859375,267.2923583984375,0.0],"location":{"altitude":49.60000228881836,"altitudeAccuracy":14.927000045776367,"heading":165.06362915039063,"headingAccuracy":14.927000045776367,"headingTimestamp":85152.612,"latitude":37.55685806274414,"longitude":126.93516540527344,"positionAccuracy":14.927000045776367,"positionSource":"corelocation","positionTimestamp":1720075912.383},"pose":[-0.07547015696763992,-0.03718417137861252,-0.13910804688930511,-0.0510818250477314,-0.14894357323646545,-0.7092472910881042,0.6871497631072998],"pose4x4":[-0.05043184757232666,-0.9595016241073608,0.2771523594856262,0.0,0.9899348020553589,-0.011282205581665039,0.14107392728328705,0.0,-0.13223378360271454,0.2814773917198181,0.950412929058075,0.0,-0.07547015696763992,-0.03718417137861252,-0.13910804688930511,1.0],"resolution":[720,540],"sequence":11,"timestamp":1720075908.4,"tracking":2,"trackingReason":0},{"exposure":0.0,"image":"frame_00000012.jpg","intrinsics":[638.9658203125,641.1166381835938,358.60687255859375,267.2923583984375,0.0],"location":{"altitude":49.60000228881836,"altitudeAccuracy":14.927000045776367,"heading":165.06362915039063,"headingAccuracy":14.927000045776367,"headingTimestamp":85152.612,"latitude":37.55685806274414,"longitude":126.93516540527344,"positionAccuracy":14.927000045776367,"positionSource":"corelocation","positionTimestamp":1720075912.383},"pose":[-0.07538463920354843,-0.03725308179855347,-0.1390785276889801,-0.05068967491388321,-0.14939554035663605,-0.7089905738830566,0.6873453855514526],"pose4x4":[-0.049973249435424805,-0.9594972133636475,0.27724969387054443,0.0,0.9897884130477905,-0.010474085807800293,0.1421574354171753,0.0,-0.13349567353725433,0.2815226912498474,0.9502230882644653,0.0,-0.07538463920354843,-0.03725308179855347,-0.1390785276889801,1.0],"resolution":[720,540],"sequence":12,"timestamp":1720075908.434,"tracking":2,"trackingReason":0},{"exposure":0.0,"image":"frame_00000013.jpg","intrinsics":[638.9658203125,641.1166381835938,358.60687255859375,267.2923583984375,0.0],"location":{"altitude":49.60000228881836,"altitudeAccuracy":14.927000045776367,"heading":165.06362915039063,"headingAccuracy":14.927000045776367,"headingTimestamp":85152.612,"latitude":37.55685806274414,"longitude":126.93516540527344,"positionAccuracy":14.927000045776367,"positionSource":"corelocation","positionTimestamp":1720075912.383},"pose":[-0.07611887902021408,-0.0371854230761528,-0.13922551274299622,-0.050503943115472794,-0.14994287490844727,-0.7088096141815186,0.6874262690544128],"pose4x4":[-0.04978787899017334,-0.9593632817268372,0.27774471044540405,0.0,0.9896541237831116,-0.009923458099365234,0.14312642812728882,0.0,-0.1345539689064026,0.2819973826408386,0.9499329924583435,0.0,-0.07611887902021408,-0.0371854230761528,-0.13922551274299622,1.0],"resolution":[720,540],"sequence":13,"timestamp":1720075908.467,"tracking":2,"trackingReason":0},{"exposure":0.0,"image":"frame_00000014.jpg","intrinsics":[638.9658203125,641.1166381835938,358.60687255859375,267.2923583984375,0.0],"location":{"altitude":49.60000228881836,"altitudeAccuracy":14.927000045776367,"heading":165.06362915039063,"headingAccuracy":14.927000045776367,"headingTimestamp":85152.612,"latitude":37.55685806274414,"longitude":126.93516540527344,"positionAccuracy":14.927000045776367,"positionSource":"corelocation","positionTimestamp":1720075912.383},"pose":[-0.07590209692716599,-0.037348732352256775,-0.13926656544208527,-0.050259415060281754,-0.15034551918506622,-0.7088170647621155,0.6873486638069153],"pose4x4":[-0.05005073547363281,-0.9592963457107544,0.27792903780937195,0.0,0.9895215034484863,-0.0098952054977417,0.1440434604883194,0.0,-0.13543012738227844,0.28222644329071045,0.9497404098510742,0.0,-0.07590209692716599,-0.037348732352256775,-0.13926656544208527,1.0],"resolution":[720,540],"sequence":14,"timestamp":1720075908.5,"tracking":2,"trackingReason":0},{"exposure":0.0,"image":"frame_00000015.jpg","intrinsics":[638.9658203125,641.1166381835938,358.60687255859375,267.2923583984375,0.0],"location":{"altitude":49.60000228881836,"altitudeAccuracy":14.927000045776367,"heading":165.06362915039063,"headingAccuracy":14.927000045776367,"headingTimestamp":85152.612,"latitude":37.55685806274414,"longitude":126.93516540527344,"positionAccuracy":14.927000045776367,"positionSource":"corelocation","positionTimestamp":1720075912.383},"pose":[-0.07561979442834854,-0.03756628930568695,-0.13931329548358917,-0.050085972994565964,-0.15068157017230988,-0.7090126276016235,0.6870862245559692],"pose4x4":[-0.05080771446228027,-0.9592115879058838,0.2780856490135193,0.0,0.9893996715545654,-0.010414958000183105,0.14484350383281708,0.0,-0.13603928685188293,0.2824970483779907,0.9495729207992554,0.0,-0.07561979442834854,-0.03756628930568695,-0.13931329548358917,1.0],"resolution":[720,540],"sequence":15,"timestamp":1720075908.534,"tracking":2,"trackingReason":0},{"exposure":0.0,"image":"frame_00000016.jpg","intrinsics":[638.9658203125,641.1166381835938,358.60687255859375,267.2923583984375,0.0],"location":{"altitude":49.60000228881836,"altitudeAccuracy":14.927000045776367,"heading":165.06362915039063,"headingAccuracy":14.927000045776367,"headingTimestamp":85152.612,"latitude":37.55685806274414,"longitude":126.93516540527344,"positionAccuracy":14.927000045776367,"positionSource":"corelocation","positionTimestamp":1720075912.383},"pose":[-0.07648707926273346,-0.03787681460380554,-0.13941529393196106,-0.0497802309691906,-0.15129710733890533,-0.7090538740158081,0.6869308948516846],"pose4x4":[-0.051296353340148926,-0.9590787887573242,0.27845504879951477,0.0,0.9892052412033081,-0.010470867156982422,0.1461644470691681,0.0,-0.1372675895690918,0.28294676542282104,0.9492622017860413,0.0,-0.07648707926273346,-0.03787681460380554,-0.13941529393196106,1.0],"resolution":[720,540],"sequence":16,"timestamp":1720075908.567,"tracking":2,"trackingReason":0},{"exposure":0.0,"image":"frame_00000017.jpg","intrinsics":[638.9658203125,641.1166381835938,358.60687255859375,267.2923583984375,0.0],"location":{"altitude":49.60000228881836,"altitudeAccuracy":14.927000045776367,"heading":165.06362915039063,"headingAccuracy":14.927000045776367,"headingTimestamp":85152.612,"latitude":37.55685806274414,"longitude":126.93516540527344,"positionAccuracy":14.927000045776367,"positionSource":"corelocation","positionTimestamp":1720075912.383},"pose":[-0.07632453739643097,-0.03800266236066818,-0.13945502042770386,-0.04952827841043472,-0.1517489105463028,-0.7089487314224243,0.6869578957557678],"pose4x4":[-0.051272034645080566,-0.9590041637420654,0.27871623635292053,0.0,0.989067554473877,-0.01012265682220459,0.14711670577526093,0.0,-0.13826420903205872,0.2832120656967163,0.9490384459495544,0.0,-0.07632453739643097,-0.03800266236066818,-0.13945502042770386,1.0],"resolution":[720,540],"sequence":17,"timestamp":1720075908.6,"tracking":2,"trackingReason":0},{"exposure":0.0,"image":"frame_00000018.jpg","intrinsics":[638.9658203125,641.1166381835938,358.60687255859375,267.2923583984375,0.0],"location":{"altitude":49.60000228881836,"altitudeAccuracy":14.927000045776367,"heading":165.06362915039063,"headingAccuracy":14.927000045776367,"headingTimestamp":85152.612,"latitude":37.55685806274414,"longitude":126.93516540527344,"positionAccuracy":14.927000045776367,"positionSource":"corelocation","positionTimestamp":1720075912.383},"pose":[-0.07617916166782379,-0.03805544227361679,-0.13939827680587769,-0.04923359304666519,-0.15189875662326813,-0.708842396736145,0.687055766582489],"pose4x4":[-0.05106163024902344,-0.9590714573860168,0.2785235643386841,0.0,0.9889855980873108,-0.009763002395629883,0.14769211411476135,0.0,-0.1389281153678894,0.2829970121383667,0.949005663394928,0.0,-0.07617916166782379,-0.03805544227361679,-0.13939827680587769,1.0],"resolution":[720,540],"sequence":18,"timestamp":1720075908.634,"tracking":2,"trackingReason":0},{"exposure":0.0,"image":"frame_00000019.jpg","intrinsics":[638.9658203125,641.1166381835938,358.60687255859375,267.2923583984375,0.0],"location":{"altitude":49.60000228881836,"altitudeAccuracy":14.927000045776367,"heading":165.06362915039063,"headingAccuracy":14.927000045776367,"headingTimestamp":85152.612,"latitude":37.55685806274414,"longitude":126.93516540527344,"positionAccuracy":14.927000045776367,"positionSource":"corelocation","positionTimestamp":1720075912.383},"pose":[-0.07697150111198425,-0.03799376264214516,-0.13925084471702576,-0.04861705005168915,-0.1518115997314453,-0.7087858319282532,0.6871769428253174],"pose4x4":[-0.05084824562072754,-0.9593613147735596,0.2775610089302063,0.0,0.9888838529586792,-0.00948190689086914,0.14838679134845734,0.0,-0.1397247016429901,0.2820208668708801,0.9491792321205139,0.0,-0.07697150111198425,-0.03799376264214516,-0.13925084471702576,1.0],"resolution":[720,540],"sequence":19,"timestamp":1720075908.667,"tracking":2,"trackingReason":0},{"exposure":0.0,"image":"frame_00000020.jpg","intrinsics":[638.9658203125,641.1166381835938,358.60687255859375,267.2923583984375,0.0],"location":{"altitude":49.60000228881836,"altitudeAccuracy":14.927000045776367,"heading":165.06362915039063,"headingAccuracy":14.927000045776367,"headingTimestamp":85152.612,"latitude":37.55685806274414,"longitude":126.93516540527344,"positionAccuracy":14.927000045776367,"positionSource":"corelocation","positionTimestamp":1720075912.383},"pose":[-0.07684283703565598,-0.03803730383515358,-0.13901126384735107,-0.048164889216423035,-0.1517026573419571,-0.7088067531585693,0.6872113347053528],"pose4x4":[-0.050841450691223145,-0.9595865607261658,0.2767827808856964,0.0,0.988813579082489,-0.009453773498535156,0.14885681867599487,0.0,-0.1402243673801422,0.2812546491622925,0.9493328928947449,0.0,-0.07684283703565598,-0.03803730383515358,-0.13901126384735107,1.0],"resolution":[720,540],"sequence":20,"timestamp":1720075908.7,"tracking":2,"trackingReason":0},{"exposure":0.0,"image":"frame_00000021.jpg","intrinsics":[638.9658203125,641.1166381835938,358.60687255859375,267.2923583984375,0.0],"location":{"altitude":49.60000228881836,"altitudeAccuracy":14.927000045776367,"heading":165.06362915039063,"headingAccuracy":14.927000045776367,"headingTimestamp":85152.612,"latitude":37.55685806274414,"longitude":126.93516540527344,"positionAccuracy":14.927000045776367,"positionSource":"corelocation","positionTimestamp":1720075912.383},"pose":[-0.07671407610177994,-0.03809491917490959,-0.1388014703989029,-0.047739867120981216,-0.15186846256256104,-0.7087764143943787,0.6872357130050659],"pose4x4":[-0.05085599422454834,-0.9596925377845764,0.27641263604164124,0.0,0.9886932969093323,-0.009286165237426758,0.1496644914150238,0.0,-0.1410650908946991,0.28089866042137146,0.949313759803772,0.0,-0.07671407610177994,-0.03809491917490959,-0.1388014703989029,1.0],"resolution":[720,540],"sequence":21,"timestamp":1720075908.734,"tracking":2,"trackingReason":0},{"exposure":0.0,"image":"frame_00000022.jpg","intrinsics":[638.9658203125,641.1166381835938,358.60687255859375,267.2923583984375,0.0],"location":{"altitude":49.60000228881836,"altitudeAccuracy":14.927000045776367,"heading":165.06362915039063,"headingAccuracy":14.927000045776367,"headingTimestamp":85152.612,"latitude":37.55685806274414,"longitude":126.93516540527344,"positionAccuracy":14.927000045776367,"positionSource":"corelocation","positionTimestamp":1720075912.383},"pose":[-0.07656897604465485,-0.038154371082782745,-0.1385708749294281,-0.0473574735224247,-0.15187987685203552,-0.7087897658348083,0.6872459650039673],"pose4x4":[-0.050900816917419434,-0.9598405361175537,0.27589064836502075,0.0,0.988611102104187,-0.00925135612487793,0.15020933747291565,0.0,-0.14162468910217285,0.2803942859172821,0.949379563331604,0.0,-0.07656897604465485,-0.038154371082782745,-0.1385708749294281,1.0],"resolution":[720,540],"sequence":22,"timestamp":1720075908.767,"tracking":2,"trackingReason":0},{"exposure":0.0,"image":"frame_00000023.jpg","intrinsics":[638.9658203125,641.1166381835938,358.60687255859375,267.2923583984375,0.0],"location":{"altitude":49.60000228881836,"altitudeAccuracy":14.927000045776367,"heading":165.06362915039063,"headingAccuracy":14.927000045776367,"headingTimestamp":85152.612,"latitude":37.55685806274414,"longitude":126.93516540527344,"positionAccuracy":14.927000045776367,"positionSource":"corelocation","positionTimestamp":1720075912.383},"pose":[-0.07714371383190155,-0.038141198456287384,-0.13836172223091125,-0.04707841947674751,-0.15175724029541016,-0.7089086771011353,0.6871690154075623],"pose4x4":[-0.051163554191589355,-0.9599912166595459,0.2753143310546875,0.0,0.9885691404342651,-0.009535789489746094,0.15046238899230957,0.0,-0.1418171525001526,0.27986571192741394,0.9495067000389099,0.0,-0.07714371383190155,-0.038141198456287384,-0.13836172223091125,1.0],"resolution":[720,540],"sequence":23,"timestamp":1720075908.8,"tracking":2,"trackingReason":0},{"exposure":0.0,"image":"frame_00000024.jpg","intrinsics":[638.9658203125,641.1166381835938,358.60687255859375,267.2923583984375,0.0],"location":{"altitude":49.60000228881836,"altitudeAccuracy":14.927000045776367,"heading":165.06362915039063,"headingAccuracy":14.927000045776367,"headingTimestamp":85152.612,"latitude":37.55685806274414,"longitude":126.93516540527344,"positionAccuracy":14.927000045776367,"positionSource":"corelocation","positionTimestamp":1720075912.383},"pose":[-0.0769725888967514,-0.03823874890804291,-0.1380632072687149,-0.046770643442869186,-0.15163671970367432,-0.7090601921081543,0.6870607137680054],"pose4x4":[-0.05152010917663574,-0.9601504802703857,0.27469366788864136,0.0,0.9885190725326538,-0.009907722473144531,0.15077057480812073,0.0,-0.14204084873199463,0.27930766344070435,0.9496376514434814,0.0,-0.0769725888967514,-0.03823874890804291,-0.1380632072687149,1.0],"resolution":[720,540],"sequence":24,"timestamp":1720075908.834,"tracking":2,"trackingReason":0},{"exposure":0.0,"image":"frame_00000025.jpg","intrinsics":[638.9658203125,641.1166381835938,358.60687255859375,267.2923583984375,0.0],"location":{"altitude":49.60000228881836,"altitudeAccuracy":14.927000045776367,"heading":165.06362915039063,"headingAccuracy":14.927000045776367,"headingTimestamp":85152.612,"latitude":37.55685806274414,"longitude":126.93516540527344,"positionAccuracy":14.927000045776367,"positionSource":"corelocation","positionTimestamp":1720075912.383},"pose":[-0.07744032889604568,-0.03829570859670639,-0.13779862225055695,-0.04632323607802391,-0.15208882093429565,-0.7090362310409546,0.6870161294937134],"pose4x4":[-0.0517268180847168,-0.9601481556892395,0.27466464042663574,0.0,0.9883291125297546,-0.00975644588470459,0.1520233452320099,0.0,-0.14328524470329285,0.2793225944042206,0.9494463205337524,0.0,-0.07744032889604568,-0.03829570859670639,-0.13779862225055695,1.0],"resolution":[720,540],"sequence":25,"timestamp":1720075908.867,"tracking":2,"trackingReason":0},{"exposure":0.0,"image":"frame_00000026.jpg","intrinsics":[638.9658203125,641.1166381835938,358.60687255859375,267.2923583984375,0.0],"location":{"altitude":49.60000228881836,"altitudeAccuracy":14.927000045776367,"heading":165.06362915039063,"headingAccuracy":14.927000045776367,"headingTimestamp":85152.612,"latitude":37.55685806274414,"longitude":126.93516540527344,"positionAccuracy":14.927000045776367,"positionSource":"corelocation","positionTimestamp":1720075912.383},"pose":[-0.07724501192569733,-0.038348790258169174,-0.13757115602493286,-0.04620460048317909,-0.15219919383525848,-0.7090443968772888,0.6869910359382629],"pose4x4":[-0.05181705951690674,-0.9601497054100037,0.2746411859989166,0.0,0.9882789254188538,-0.009757637977600098,0.15234766900539398,0.0,-0.14359673857688904,0.279316246509552,0.9494010806083679,0.0,-0.07724501192569733,-0.038348790258169174,-0.13757115602493286,1.0],"resolution":[720,540],"sequence":26,"timestamp":1720075908.9,"tracking":2,"trackingReason":0},{"exposure":0.0,"image":"frame_00000027.jpg","intrinsics":[638.9658203125,641.1166381835938,358.60687255859375,267.2923583984375,0.0],"location":{"altitude":49.60000228881836,"altitudeAccuracy":14.927000045776367,"heading":165.06362915039063,"headingAccuracy":14.927000045776367,"headingTimestamp":85152.612,"latitude":37.55685806274414,"longitude":126.93516540527344,"positionAccuracy":14.927000045776367,"positionSource":"corelocation","positionTimestamp":1720075912.383},"pose":[-0.0770849660038948,-0.03832917660474777,-0.13730812072753906,-0.04606403037905693,-0.15213029086589813,-0.7089263796806335,0.6871371269226074],"pose4x4":[-0.05144047737121582,-0.9602437615394592,0.27438074350357056,0.0,0.9882747530937195,-0.009396910667419434,0.15239372849464417,0.0,-0.14375673234462738,0.27900296449661255,0.9494689702987671,0.0,-0.0770849660038948,-0.03832917660474777,-0.13730812072753906,1.0],"resolution":[720,540],"sequence":27,"timestamp":1720075908.934,"tracking":2,"trackingReason":0},{"exposure":0.0,"image":"frame_00000028.jpg","intrinsics":[638.9658203125,641.1166381835938,358.60687255859375,267.2923583984375,0.0],"location":{"altitude":49.60000228881836,"altitudeAccuracy":14.927000045776367,"heading":165.06362915039063,"headingAccuracy":14.927000045776367,"headingTimestamp":85152.612,"latitude":37.55685806274414,"longitude":126.93516540527344,"positionAccuracy":14.927000045776367,"positionSource":"corelocation","positionTimestamp":1720075912.383},"pose":[-0.07683692127466202,-0.037414535880088806,-0.13704654574394226,-0.04571634158492088,-0.15212541818618774,-0.7087976932525635,0.6872944235801697],"pose4x4":[-0.05107271671295166,-0.9603961706161499,0.27391716837882996,0.0,0.9882146120071411,-0.008968353271484375,0.15281111001968384,0.0,-0.144302636384964,0.2784934639930725,0.9495357275009155,0.0,-0.07683692127466202,-0.037414535880088806,-0.13704654574394226,1.0],"resolution":[720,540],"sequence":28,"timestamp":1720075908.967,"tracking":2,"trackingReason":0},{"exposure":0.0,"image":"frame_00000029.jpg","intrinsics":[638.9658203125,641.1166381835938,358.60687255859375,267.2923583984375,0.0],"location":{"altitude":49.60000228881836,"altitudeAccuracy":14.927000045776367,"heading":165.06362915039063,"headingAccuracy":14.927000045776367,"headingTimestamp":85152.612,"latitude":37.55685806274414,"longitude":126.93516540527344,"positionAccuracy":14.927000045776367,"positionSource":"corelocation","positionTimestamp":1720075912.383},"pose":[-0.0767364501953125,-0.03730958700180054,-0.13665856420993805,-0.04526456072926521,-0.15220002830028534,-0.7086634635925293,0.6874462962150574],"pose4x4":[-0.05073750019073486,-0.9605576395988464,0.27341336011886597,0.0,0.9881146550178528,-0.008505582809448242,0.1534832864999771,0.0,-0.14510402083396912,0.27795112133026123,0.9495725631713867,0.0,-0.0767364501953125,-0.03730958700180054,-0.13665856420993805,1.0],"resolution":[720,540],"sequence":29,"timestamp":1720075909.0,"tracking":2,"trackingReason":0},{"exposure":0.0,"image":"frame_00000030.jpg","intrinsics":[638.9658203125,641.1166381835938,358.60687255859375,267.2923583984375,0.0],"location":{"altitude":49.60000228881836,"altitudeAccuracy":14.927000045776367,"heading":165.06362915039063,"headingAccuracy":14.927000045776367,"headingTimestamp":85152.612,"latitude":37.55685806274414,"longitude":126.93516540527344,"positionAccuracy":14.927000045776367,"positionSource":"corelocation","positionTimestamp":1720075912.383},"pose":[-0.0766289085149765,-0.03721732273697853,-0.13629521429538727,-0.044954847544431686,-0.15251636505126953,-0.7084218859672546,0.6876452565193176],"pose4x4":[-0.05024564266204834,-0.9605731964111328,0.27344828844070435,0.0,0.9879986047744751,-0.007765054702758789,0.1542658805847168,0.0,-0.14606031775474548,0.2779178321361542,0.9494356513023376,0.0,-0.0766289085149765,-0.03721732273697853,-0.13629521429538727,1.0],"resolution":[720,540],"sequence":30,"timestamp":1720075909.034,"tracking":2,"trackingReason":0},{"exposure":0.0,"image":"frame_00000031.jpg","intrinsics":[638.9658203125,641.1166381835938,358.60687255859375,267.2923583984375,0.0],"location":{"altitude":49.60000228881836,"altitudeAccuracy":14.927000045776367,"heading":165.06362915039063,"headingAccuracy":14.927000045776367,"headingTimestamp":85152.612,"latitude":37.55685806274414,"longitude":126.93516540527344,"positionAccuracy":14.927000045776367,"positionSource":"corelocation","positionTimestamp":1720075912.383},"pose":[-0.07645086944103241,-0.03716684505343437,-0.13586781919002533,-0.04459577053785324,-0.15250667929649353,-0.7083557844161987,0.687738835811615],"pose4x4":[-0.05005240440368652,-0.9607252478599548,0.27294886112213135,0.0,0.9879298806190491,-0.00751340389251709,0.15471749007701874,0.0,-0.1465901881456375,0.2773984670639038,0.9495058655738831,0.0,-0.07645086944103241,-0.03716684505343437,-0.13586781919002533,1.0],"resolution":[720,540],"sequence":31,"timestamp":1720075909.067,"tracking":2,"trackingReason":0},{"exposure":0.0,"image":"frame_00000032.jpg","intrinsics":[638.9658203125,641.1166381835938,358.60687255859375,267.2923583984375,0.0],"location":{"altitude":49.60000228881836,"altitudeAccuracy":14.927000045776367,"heading":165.06362915039063,"headingAccuracy":14.927000045776367,"headingTimestamp":85152.612,"latitude":37.55685806274414,"longitude":126.93516540527344,"positionAccuracy":14.927000045776367,"positionSource":"corelocation","positionTimestamp":1720075912.383},"pose":[-0.07643231749534607,-0.03714342415332794,-0.1355684995651245,-0.044258423149585724,-0.15269799530506134,-0.7082878947257996,0.6877883672714233],"pose4x4":[-0.04997682571411133,-0.9607880115509033,0.27274322509765625,0.0,0.9878207445144653,-0.007261037826538086,0.15542742609977722,0.0,-0.147352397441864,0.27718913555145264,0.9494490027427673,0.0,-0.07643231749534607,-0.03714342415332794,-0.1355684995651245,1.0],"resolution":[720,540],"sequence":32,"timestamp":1720075909.1,"tracking":2,"trackingReason":0},{"exposure":0.0,"image":"frame_00000033.jpg","intrinsics":[638.9658203125,641.1166381835938,358.60687255859375,267.2923583984375,0.0],"location":{"altitude":49.60000228881836,"altitudeAccuracy":14.927000045776367,"heading":165.06362915039063,"headingAccuracy":14.927000045776367,"headingTimestamp":85152.612,"latitude":37.55685806274414,"longitude":126.93516540527344,"positionAccuracy":14.927000045776367,"positionSource":"corelocation","positionTimestamp":1720075912.383},"pose":[-0.07621623575687408,-0.03717771917581558,-0.13511471450328827,-0.0439240001142025,-0.15277467668056488,-0.7082518339157104,0.6878296732902527],"pose4x4":[-0.049921512603759766,-0.9608923196792603,0.2723844349384308,0.0,0.9877341985702515,-0.0070999860763549805,0.1559814214706421,0.0,-0.14794741570949554,0.2768303453922272,0.9494611620903015,0.0,-0.07621623575687408,-0.03717771917581558,-0.13511471450328827,1.0],"resolution":[720,540],"sequence":33,"timestamp":1720075909.134,"tracking":2,"trackingReason":0},{"exposure":0.0,"image":"frame_00000034.jpg","intrinsics":[638.9658203125,641.1166381835938,358.60687255859375,267.2923583984375,0.0],"location":{"altitude":49.60000228881836,"altitudeAccuracy":14.927000045776367,"heading":165.06362915039063,"headingAccuracy":14.927000045776367,"headingTimestamp":85152.612,"latitude":37.55685806274414,"longitude":126.93516540527344,"positionAccuracy":14.927000045776367,"positionSource":"corelocation","positionTimestamp":1720075912.383},"pose":[-0.07594633847475052,-0.03728373348712921,-0.13468512892723083,-0.04380544275045395,-0.152703657746315,-0.7083632349967957,0.6877376437187195],"pose4x4":[-0.05019378662109375,-0.9609576463699341,0.27210044860839844,0.0,0.9877146482467651,-0.0073947906494140625,0.1560860127210617,0.0,-0.14797978103160858,0.2765926122665405,0.9495253562927246,0.0,-0.07594633847475052,-0.03728373348712921,-0.13468512892723083,1.0],"resolution":[720,540],"sequence":34,"timestamp":1720075909.167,"tracking":2,"trackingReason":0},{"exposure":0.0,"image":"frame_00000035.jpg","intrinsics":[638.9658203125,641.1166381835938,358.60687255859375,267.2923583984375,0.0],"location":{"altitude":49.60000228881836,"altitudeAccuracy":14.927000045776367,"heading":165.06362915039063,"headingAccuracy":14.927000045776367,"headingTimestamp":85152.612,"latitude":37.55685806274414,"longitude":126.93516540527344,"positionAccuracy":14.927000045776367,"positionSource":"corelocation","positionTimestamp":1720075912.383},"pose":[-0.07562508434057236,-0.03727772459387779,-0.13435564935207367,-0.043631136417388916,-0.15292836725711823,-0.708399772644043,0.6876614093780518],"pose4x4":[-0.05043458938598633,-0.9609335064888,0.2721424400806427,0.0,0.9876232743263245,-0.007467746734619141,0.15666194260120392,0.0,-0.14850929379463196,0.2766757309436798,0.9494184851646423,0.0,-0.07562508434057236,-0.03727772459387779,-0.13435564935207367,1.0],"resolution":[720,540],"sequence":35,"timestamp":1720075909.2,"tracking":2,"trackingReason":0},{"exposure":0.0,"image":"frame_00000036.jpg","intrinsics":[638.9658203125,641.1166381835938,358.60687255859375,267.2923583984375,0.0],"location":{"altitude":49.60000228881836,"altitudeAccuracy":14.927000045776367,"heading":165.06362915039063,"headingAccuracy":14.927000045776367,"headingTimestamp":85152.612,"latitude":37.55685806274414,"longitude":126.93516540527344,"positionAccuracy":14.927000045776367,"positionSource":"corelocation","positionTimestamp":1720075912.383},"pose":[-0.07504098117351532,-0.037651628255844116,-0.13369107246398926,-0.04334289953112602,-0.15377791225910187,-0.7082754969596863,0.6876187324523926],"pose4x4":[-0.05060374736785889,-0.9607166647911072,0.2728785574436188,0.0,0.9873773455619812,-0.0070656538009643555,0.15822747349739075,0.0,-0.1500837206840515,0.27744102478027344,0.9489474892616272,0.0,-0.07504098117351532,-0.037651628255844116,-0.13369107246398926,1.0],"resolution":[720,540],"sequence":36,"timestamp":1720075909.267,"tracking":2,"trackingReason":0},{"exposure":0.0,"image":"frame_00000037.jpg","intrinsics":[638.9658203125,641.1166381835938,358.60687255859375,267.2923583984375,0.0],"location":{"altitude":49.60000228881836,"altitudeAccuracy":14.927000045776367,"heading":165.06362915039063,"headingAccuracy":14.927000045776367,"headingTimestamp":85152.612,"latitude":37.55685806274414,"longitude":126.93516540527344,"positionAccuracy":14.927000045776367,"positionSource":"corelocation","positionTimestamp":1720075912.383},"pose":[-0.07486777007579803,-0.03759033605456352,-0.1335650384426117,-0.04320375248789787,-0.15403759479522705,-0.7082580327987671,0.687587320804596],"pose4x4":[-0.05071401596069336,-0.9606684446334839,0.2730273902416229,0.0,0.9872884750366211,-0.006991982460021973,0.15878403186798096,0.0,-0.15062978863716125,0.2776094377040863,0.9488117098808289,0.0,-0.07486777007579803,-0.03759033605456352,-0.1335650384426117,1.0],"resolution":[720,540],"sequence":37,"timestamp":1720075909.3,"tracking":2,"trackingReason":0},{"exposure":0.0,"image":"frame_00000038.jpg","intrinsics":[638.9658203125,641.1166381835938,358.60687255859375,267.2923583984375,0.0],"location":{"altitude":49.60000228881836,"altitudeAccuracy":14.927000045776367,"heading":165.06362915039063,"headingAccuracy":14.927000045776367,"headingTimestamp":85152.612,"latitude":37.55685806274414,"longitude":126.93516540527344,"positionAccuracy":14.927000045776367,"positionSource":"corelocation","positionTimestamp":1720075912.383},"pose":[-0.07441503554582596,-0.03772353380918503,-0.13308681547641754,-0.0427316315472126,-0.1544051617383957,-0.7083872556686401,0.6874009966850281],"pose4x4":[-0.051306962966918945,-0.9606962203979492,0.27281761169433594,0.0,0.9870882034301758,-0.007277011871337891,0.16000977158546448,0.0,-0.15173542499542236,0.2775048315525055,0.9486660957336426,0.0,-0.07441503554582596,-0.03772353380918503,-0.13308681547641754,1.0],"resolution":[720,540],"sequence":38,"timestamp":1720075909.334,"tracking":2,"trackingReason":0},{"exposure":0.0,"image":"frame_00000039.jpg","intrinsics":[638.9658203125,641.1166381835938,358.60687255859375,267.2923583984375,0.0],"location":{"altitude":49.60000228881836,"altitudeAccuracy":14.927000045776367,"heading":165.06362915039063,"headingAccuracy":14.927000045776367,"headingTimestamp":85152.612,"latitude":37.55685806274414,"longitude":126.93516540527344,"positionAccuracy":14.927000045776367,"positionSource":"corelocation","positionTimestamp":1720075912.383},"pose":[-0.07441367208957672,-0.037932027131319046,-0.13270948827266693,-0.0422959141433239,-0.15444961190223694,-0.70871901512146,0.6870766282081604],"pose4x4":[-0.05227458477020264,-0.9608233571052551,0.27218925952911377,0.0,0.9869536757469177,-0.008143186569213867,0.16080167889595032,0.0,-0.1522855907678604,0.27704381942749023,0.9487127661705017,0.0,-0.07441367208957672,-0.037932027131319046,-0.13270948827266693,1.0],"resolution":[720,540],"sequence":39,"timestamp":1720075909.367,"tracking":2,"trackingReason":0},{"exposure"